# Particles: 1000, AF: 0.2, Kick: 0.1
# Swell,Cycles
   1.00000    4.00000
   1.01000    6.00000
   1.02000    4.00000
   1.03000    4.00000
   1.04000    5.00000
   1.05000    6.00000
   1.06000    6.00000
   1.07000    5.00000
   1.08000    5.00000
   1.09000    8.00000
   1.10000    4.00000
   1.11000    6.00000
   1.12000    5.00000
   1.13000    8.00000
   1.14000    5.00000
   1.15000    5.00000
   1.16000    6.00000
   1.17000    5.00000
   1.18000    6.00000
   1.19000    6.00000
   1.20000    5.00000
   1.21000    9.00000
   1.22000    7.00000
   1.23000    6.00000
   1.24000    9.00000
   1.25000    5.00000
   1.26000    9.00000
   1.27000   10.00000
   1.28000    6.00000
   1.29000   10.00000
   1.30000    7.00000
   1.31000    6.00000
   1.32000    6.00000
   1.33000    7.00000
   1.34000    6.00000
   1.35000   11.00000
   1.36000    8.00000
   1.37000   12.00000
   1.38000   10.00000
   1.39000    7.00000
   1.40000    5.00000
   1.41000    9.00000
   1.42000    8.00000
   1.43000    8.00000
   1.44000    9.00000
   1.45000   10.00000
   1.46000    8.00000
   1.47000    8.00000
   1.48000    9.00000
   1.49000    7.00000
   1.50000    7.00000
   1.51000   11.00000
   1.52000   12.00000
   1.53000   12.00000
   1.54000   14.00000
   1.55000   12.00000
   1.56000    9.00000
   1.57000   12.00000
   1.58000   13.00000
   1.59000    9.00000
   1.60000   11.00000
   1.61000    8.00000
   1.62000   10.00000
   1.63000   12.00000
   1.64000   13.00000
   1.65000   13.00000
   1.66000   14.00000
   1.67000   11.00000
   1.68000   16.00000
   1.69000   13.00000
   1.70000    8.00000
   1.71000   14.00000
   1.72000   20.00000
   1.73000   19.00000
   1.74000   21.00000
   1.75000   13.00000
   1.76000   15.00000
   1.77000   20.00000
   1.78000   18.00000
   1.79000   10.00000
   1.80000   21.00000
   1.81000   21.00000
   1.82000   12.00000
   1.83000   15.00000
   1.84000   18.00000
   1.85000   22.00000
   1.86000   14.00000
   1.87000   24.00000
   1.88000   20.00000
   1.89000   30.00000
   1.90000   23.00000
   1.91000   38.00000
   1.92000   36.00000
   1.93000   25.00000
   1.94000   29.00000
   1.95000   36.00000
   1.96000   40.00000
   1.97000   40.00000
   1.98000   31.00000
   1.99000   55.00000
