# Particles: 1000, AF: 0.2, Kick 0.1 
# Swell,Cycles
   0.46000    2.00000
   0.47000    4.00000
   0.48000    5.00000
   0.50000    5.00000
   0.51000    8.00000
   0.52000    4.00000
   0.53000   10.00000
   0.54000    5.00000
   0.55000    4.00000
   0.56000    4.00000
   0.57000    3.00000
   0.58000    3.00000
   0.59000    5.00000
   0.60000    4.00000
   0.61000    4.00000
   0.62000    8.00000
   0.63000    7.00000
   0.64000    4.00000
   0.65000    4.00000
   0.66000    8.00000
   0.67000   10.00000
   0.68000    3.00000
   0.69000    4.00000
   0.70000    3.00000
   0.71000    3.00000
   0.72000    5.00000
   0.73000    4.00000
   0.74000    6.00000
   0.75000    6.00000
   0.76000    4.00000
   0.77000    6.00000
   0.78000    5.00000
   0.79000    4.00000
   0.80000    9.00000
   0.81000    6.00000
   0.82000    2.00000
   0.83000    4.00000
   0.84000    4.00000
   0.85000    4.00000
   0.86000    3.00000
   0.87000    3.00000
   0.88000    6.00000
   0.89000    5.00000
   0.90000    4.00000
   0.91000    5.00000
   0.92000    4.00000
   0.94000    4.00000
   0.95000    6.00000
   0.96000    7.00000
   0.97000    6.00000
   0.98000    7.00000
   0.99000    4.00000
   1.00000    7.00000
