# 1000 particles, 0.2 areaFraction
# Fraction=1.0
# TrainOnSwell, FractionReachedSwell
   0.10000    3.14000
   0.11000    3.14000
   0.12000    3.14000
   0.13000    3.14000
   0.14000    3.14000
   0.15000    3.14000
   0.16000    3.14000
   0.17000    3.14000
   0.18000    3.14000
   0.19000    3.14000
   0.20000    3.14000
   0.21000    3.14000
   0.22000    3.14000
   0.23000    3.14000
   0.24000    3.14000
   0.25000    3.14000
   0.26000    3.14000
   0.27000    3.14000
   0.28000    3.14000
   0.29000    3.14000
   0.30000    3.14000
   0.31000    3.14000
   0.32000    3.14000
   0.33000    3.14000
   0.34000    3.14000
   0.35000    3.14000
   0.36000    3.14000
   0.37000    3.14000
   0.38000    3.14000
   0.39000    3.14000
   0.40000    3.14000
   0.41000    3.14000
   0.42000    3.14000
   0.43000    3.14000
   0.44000    3.14000
   0.45000    3.14000
   0.46000    3.14000
   0.47000    3.14000
   0.48000    3.14000
   0.49000    3.14000
   0.50000    3.14000
   0.51000    3.14000
   0.52000    3.14000
   0.53000    3.14000
   0.54000    3.14000
   0.55000    3.14000
   0.56000    3.14000
   0.57000    3.14000
   0.58000    3.14000
   0.59000    3.14000
   0.60000    3.14000
   0.61000    3.14000
   0.62000    3.14000
   0.63000    3.14000
   0.64000    3.14000
   0.65000    3.14000
   0.66000    3.14000
   0.67000    3.14000
   0.68000    3.14000
   0.69000    3.14000
   0.70000    3.14000
   0.71000    3.14000
   0.72000    3.10000
   0.73000    3.10000
   0.74000    3.10000
   0.75000    3.10000
   0.76000    3.10000
   0.77000    3.10000
   0.78000    3.10000
   0.79000    3.10000
   0.80000    3.10000
   0.81000    3.10000
   0.82000    3.10000
   0.83000    3.10000
   0.84000    3.06000
   0.85000    3.06000
   0.86000    3.05000
   0.87000    3.05000
   0.88000    3.05000
   0.89000    3.05000
   0.90000    3.00000
   0.91000    3.00000
   0.92000    3.00000
   0.93000    3.00000
   0.94000    3.00000
   0.95000    3.00000
   0.96000    2.99000
   0.97000    2.99000
   0.98000    2.99000
   0.99000    2.99000
   1.00000    2.99000
   1.01000    2.99000
   1.02000    2.94000
   1.03000    2.94000
   1.04000    2.93000
   1.05000    2.93000
   1.06000    2.90000
   1.07000    2.90000
   1.08000    2.90000
   1.09000    2.90000
   1.10000    2.88000
   1.11000    2.88000
   1.12000    2.88000
   1.13000    2.88000
   1.14000    2.88000
   1.15000    2.79000
   1.16000    2.79000
   1.17000    2.78000
   1.18000    2.78000
   1.19000    2.78000
   1.20000    2.78000
   1.21000    2.78000
   1.22000    2.76000
   1.23000    2.76000
   1.24000    2.76000
   1.25000    2.74000
   1.26000    2.74000
   1.27000    2.74000
   1.28000    2.74000
   1.29000    2.66000
   1.30000    2.66000
   1.31000    2.66000
   1.32000    2.66000
   1.33000    2.66000
   1.34000    2.66000
   1.35000    2.66000
   1.36000    2.66000
   1.37000    2.66000
   1.38000    2.66000
   1.39000    2.66000
   1.40000    2.66000
   1.41000    2.66000
   1.42000    2.66000
   1.43000    2.66000
   1.44000    2.66000
   1.45000    2.66000
   1.46000    2.66000
   1.47000    2.64000
   1.48000    2.62000
   1.49000    2.62000
   1.50000    2.59000
   1.51000    2.59000
   1.52000    2.59000
   1.53000    2.59000
   1.54000    2.59000
   1.55000    2.57000
   1.56000    2.57000
   1.57000    2.57000
   1.58000    2.57000
   1.59000    2.56000
   1.60000    2.52000
   1.61000    2.52000
   1.62000    2.49000
   1.63000    2.49000
   1.64000    2.49000
   1.65000    2.45000
   1.66000    2.42000
   1.67000    2.42000
   1.68000    2.42000
   1.69000    2.37000
   1.70000    2.37000
   1.71000    2.33000
   1.72000    2.33000
   1.73000    2.31000
   1.74000    2.26000
   1.75000    2.23000
   1.76000    2.23000
   1.77000    2.22000
   1.78000    2.22000
   1.79000    2.22000
   1.80000    2.22000
   1.81000    2.20000
   1.82000    2.20000
   1.83000    2.18000
   1.84000    2.16000
   1.85000    2.15000
   1.86000    2.13000
   1.87000    2.13000
   1.88000    2.13000
   1.89000    2.13000
   1.90000    2.10000
